[[-0.18555847,  0.97848636],
       [-0.1955807 ,  0.6369137 ],
       [-0.18174206,  0.13934591],
       [ 0.02948326,  0.13488735],
       [ 0.05725498,  0.601765  ],
       [ 0.06655586,  0.9745897 ],
       [-0.0724934 ,  0.13762589],
       [-0.05521931, -0.55499536],
       [-0.06629524, -0.60415816],
       [-0.07158913, -0.95631886],
       [-0.9440407 , -0.36201417],
       [-0.5832853 , -0.44066197],
       [-0.30490097, -0.55955994],
       [ 0.17837282, -0.5377123 ],
       [ 0.43603238, -0.42284584],
       [ 0.7369898 , -0.39257306]]
