[[-0.1948617 ,  0.97538173],
       [-0.21748585,  0.6322072 ],
       [-0.20386413,  0.12482524],
       [ 0.02460257,  0.14149767],
       [ 0.07768542,  0.69302905],
       [ 0.09319285,  0.9767594 ],
       [-0.08496307,  0.1324349 ],
       [-0.09228734, -0.5168522 ],
       [-0.08379234, -0.60002124],
       [-0.04655249, -0.9562894 ],
       [-0.36409235, -0.04245634],
       [-0.5254499 , -0.28187913],
       [-0.3080042 , -0.519254  ],
       [ 0.13147525, -0.50567144],
       [ 0.3728985 , -0.2604208 ],
       [ 0.20229092, -0.03882591]]

