[[-7.8062087e-01,  7.2829044e-01],
       [-4.3246976e-01,  3.9424351e-01],
       [-5.7748109e-02,  1.5143188e-02],
       [ 2.1993072e-01,  1.3331357e-01],
       [ 1.4064059e-01,  5.9268707e-01],
       [ 9.8274194e-02,  9.7033858e-01],
       [ 8.0550551e-02,  7.2094515e-02],
       [ 3.2935074e-01, -5.3954840e-01],
       [ 3.5544676e-01, -5.9598535e-01],
       [ 4.4049698e-01, -9.5686907e-01],
       [-1.5090397e-01, -1.6440967e-01],
       [-2.3130549e-01, -4.5297641e-01],
       [ 1.1768277e-01, -5.9410220e-01],
       [ 5.5953807e-01, -4.6378022e-01],
       [ 6.5900475e-01, -1.7554957e-01],
       [ 4.3380556e-01,  2.1347016e-04]]
