[[-0.046875   , 0.21875   ,  0.07388163],
 [-0.03125  ,   0.125    ,   0.17245266],
 [-0.046875 ,   0.       ,   0.00537211],
 [ 0.015625 ,   0.       ,   0.0064656 ],
 [ 0.015625 ,   0.125    ,   0.11753017],
 [ 0.03125  ,   0.203125 ,   0.14002106],
 [ 0.       ,   0.       ,   0.        ],
 [-0.015625 ,  -0.15625  ,  -0.01793495],
 [-0.015625 ,  -0.15625  ,  -0.0300484 ],
 [-0.015625 ,  -0.265625 ,  -0.02924468],
 [-0.234375 ,  -0.125    ,  -0.00363933],
 [-0.140625 ,  -0.140625 ,  -0.00759065],
 [-0.0625   ,  -0.15625  ,  -0.01506115],
 [ 0.046875 ,  -0.15625  ,  -0.01438509],
 [ 0.109375 ,  -0.125    ,   0.00229017],
 [ 0.1875   ,  -0.125    ,  -0.01218581]]