[[-3.1250000e-02, 2.3437500e-01 , 1.2735832e-01],
 [-3.1250000e-02, 1.4062500e-01 , 2.4009916e-01],
 [-1.5625000e-02, 0.0000000e+00 ,-1.8158803e-03],
 [ 3.1250000e-02, 0.0000000e+00 , 1.3529946e-03],
 [ 4.6875000e-02, 1.4062500e-01 , 1.8924144e-01],
 [ 4.6875000e-02, 2.3437500e-01 , 1.2739260e-01],
 [ 0.0000000e+00, 0.0000000e+00 , 0.0000000e+00],
 [ 0.0000000e+00,-1.4062500e-01 ,-1.4837355e-02],
 [ 0.0000000e+00,-1.4062500e-01 ,-2.3560364e-02],
 [ 1.5625000e-02,-2.5000000e-01 ,-3.3425536e-02],
 [-7.8125000e-02,-1.5625000e-02 ,-2.2119563e-02],
 [-1.0937500e-01,-7.8125000e-02 ,-5.8625620e-03],
 [-4.6875000e-02,-1.4062500e-01 ,-1.1766713e-02],
 [ 6.2500000e-02,-1.4062500e-01 ,-7.5983466e-05],
 [ 1.2500000e-01,-7.8125000e-02 , 5.0440386e-02],
 [ 7.8125000e-02,-3.1250000e-02 , 3.9857712e-02]]