[[-0.21875  ,   0.171875 ,   0.06845032],
 [-0.125   ,    0.078125 ,   0.082486  ],
 [-0.03125 ,    0.       ,  -0.0004922 ],
 [ 0.03125 ,    0.015625 ,   0.01161361],
 [ 0.015625,    0.140625 ,   0.14455245],
 [ 0.015625,    0.234375 ,   0.06794202],
 [ 0.      ,    0.       ,   0.        ],
 [ 0.0625  ,   -0.140625 ,  -0.02072283],
 [ 0.0625  ,   -0.140625 ,  -0.04162513],
 [ 0.078125,   -0.25     ,  -0.04115494],
 [-0.046875,   -0.046875 ,  -0.08386177],
 [-0.078125,   -0.109375 ,  -0.05352156],
 [ 0.      ,   -0.15625  ,  -0.02599758],
 [ 0.109375,   -0.125    ,  -0.03627612],
 [ 0.140625,   -0.046875 ,  -0.00030603],
 [ 0.09375 ,    0.       ,  -0.05183908]]